20
  0   0   0   0   0   0   0   0   0   0   3  68   2   0   0   0   0   0   0   0   875
  0   0   0   0   0   0   0   100  70   1   0   0   0   0   0   0   0   0   0   0   576
  0   0   0   0   0   0   0   0   1  62   3   0   0   0   0   0   0   0   0   0   662
  0   0   0   0   0   0   0   0   0   0   0   0   2  59   3   0   0   0   0   0   897
  0   0   0   3  48   1   0   0   0   0   0   0   0   0   0   0   0   0   0   0   258
  0   0   0   0   2  65   3   0   0   0   0   0   0   0   0   0   0   0   0   0   421
  0   2  55   1   0   0   0   0   0   0   0   0   0   0   0   0   0   0   0   0   173
  0   0   0   0   0   0   0   3  58   2   0   0   0   0   0   0   0   0   0   0   566
  1  45   3   0   0   0   0   0   0   0   0   0   0   0   0   0   0   0   0   0    97
  0   0   0   0   0   0   0   0   0   2  44   1   0   0   0   0   0   0   0   0   515
  0   0   0   0   0   0   0   0   0   0   0   1  53   1   0   0   0   0   0   0   715
  0   0   0   0   0   0   0   0   0   0   0   0   0   1  66   2   0   0   0   0  1036
  50  2   0   0   0   0   0   0   0   0   0   0   0   0   0   0   0   0   0   1    74
  0   0   0   0   0   1  52   2   0   0   0   0   0   0   0   0   0   0   0   0   386
  0   0   0   0   0   0   0   0   0   0   0   0   0   0   0   0   0   3  63   1  1236
  0   0   0   0   0   0   0   0   0   0   0   0   0   0   0   2  72   3   0   0  1310
  0   0   0   0   0   0   0   0   0   0   0   0   0   0   3  51   1   0   0   0   877
  1   0   0   0   0   0   0   0   0   0   0   0   0   0   0   0   0   0   2  57  1179
  0   0   1  60   2   0   0   0   0   0   0   0   0   0   0   0   0   0   0   0   253
  0   0   0   0   0   0   0   0   0   0   0   0   0   0   0   0   1  49   2   0   937