============================================================
мнк – аппроксимация
точек: 11
x: [1.0, 1.5, 2.0, 2.5, 3.0, 3.5, 4.0, 4.5, 5.0, 5.5, 6.0]
y: [3.0, 5.51, 8.49, 11.86, 15.59, 19.65, 24.0, 28.62, 33.54, 38.72, 44.09]

------------------------------------------------------------

линейная:
  y = -7.790 + 8.279*x
  S = 21.036, ско = 1.383, R² = 0.989
  коэффициент детерминации: 0.989
   i        x        y     φ(x)        ε
   0     1.000     3.000     0.490    -2.510
   1     1.500     5.510     4.629    -0.881
   2     2.000     8.490     8.769     0.279
   3     2.500    11.860    12.909     1.049
   4     3.000    15.590    17.048     1.458
   5     3.500    19.650    21.188     1.538
   6     4.000    24.000    25.328     1.328
   7     4.500    28.620    29.468     0.848
   8     5.000    33.540    33.607     0.067
   9     5.500    38.720    37.747    -0.973
  10     6.000    44.090    41.887    -2.203

квадратичная:
  y = -1.699 + 3.906*x + 0.625*x²
  S = 0.105, ско = 0.098, R² = 1.000
  коэффициент детерминации: 1.000
   i        x        y     φ(x)        ε
   0     1.000     3.000     2.832    -0.168
   1     1.500     5.510     5.566     0.056
   2     2.000     8.490     8.613     0.123
   3     2.500    11.860    11.972     0.112
   4     3.000    15.590    15.643     0.053
   5     3.500    19.650    19.626    -0.024
   6     4.000    24.000    23.922    -0.078
   7     4.500    28.620    28.531    -0.089
   8     5.000    33.540    33.451    -0.089
   9     5.500    38.720    38.684    -0.036
  10     6.000    44.090    44.230     0.140

кубическая:
  y = -0.813 + 2.858*x + 0.965*x² + -0.032*x³
  S = 0.003, ско = 0.017, R² = 1.000
  коэффициент детерминации: 1.000
   i        x        y     φ(x)        ε
   0     1.000     3.000     2.978    -0.022
   1     1.500     5.510     5.537     0.027
   2     2.000     8.490     8.506     0.016
   3     2.500    11.860    11.860    -0.000
   4     3.000    15.590    15.575    -0.015
   5     3.500    19.650    19.626    -0.024
   6     4.000    24.000    23.990    -0.010
   7     4.500    28.620    28.642     0.022
   8     5.000    33.540    33.558     0.018
   9     5.500    38.720    38.713    -0.007
  10     6.000    44.090    44.084    -0.006

экспоненциальная:
  y = 2.804 * exp(0.501*x)
  S = 229.725, ско = 4.570, R² = 0.879
  коэффициент детерминации: 0.879
   i        x        y     φ(x)        ε
   0     1.000     3.000     4.628     1.628
   1     1.500     5.510     5.945     0.435
   2     2.000     8.490     7.638    -0.852
   3     2.500    11.860     9.811    -2.049
   4     3.000    15.590    12.604    -2.986
   5     3.500    19.650    16.192    -3.458
   6     4.000    24.000    20.800    -3.200
   7     4.500    28.620    26.721    -1.899
   8     5.000    33.540    34.326     0.786
   9     5.500    38.720    44.097     5.377
  10     6.000    44.090    56.648    12.558

логарифмическая:
  y = -4.373 + 22.744*ln(x)
  S = 220.945, ско = 4.482, R² = 0.884
  коэффициент детерминации: 0.884
   i        x        y     φ(x)        ε
   0     1.000     3.000    -4.373    -7.373
   1     1.500     5.510     4.849    -0.661
   2     2.000     8.490    11.392     2.902
   3     2.500    11.860    16.467     4.607
   4     3.000    15.590    20.614     5.024
   5     3.500    19.650    24.120     4.470
   6     4.000    24.000    27.157     3.157
   7     4.500    28.620    29.836     1.216
   8     5.000    33.540    32.232    -1.308
   9     5.500    38.720    34.400    -4.320
  10     6.000    44.090    36.379    -7.711

степенная:
  y = 3.000 * x^1.500
  S = 0.001, ско = 0.009, R² = 1.000
  коэффициент детерминации: 1.000
   i        x        y     φ(x)        ε
   0     1.000     3.000     3.000     0.000
   1     1.500     5.510     5.512     0.002
   2     2.000     8.490     8.486    -0.004
   3     2.500    11.860    11.859    -0.001
   4     3.000    15.590    15.590    -0.000
   5     3.500    19.650    19.645    -0.005
   6     4.000    24.000    24.002     0.002
   7     4.500    28.620    28.640     0.020
   8     5.000    33.540    33.544     0.004
   9     5.500    38.720    38.699    -0.021
  10     6.000    44.090    44.094     0.004

лучшая: степенная (S = 0.001)

коэф. корреляции пирсона: 0.994
------------------------------------------------------------
