[ 0, 1, 0, 5, 0, 0, 0, 0, 4, 0, 0, 0\n",
    "  , 1, 0, 0, 1, 0, 0, 5, 4, 1, 5, 0, 0\n",
    "  , 0, 0, 0, 0, 0, 0, 0, 1, 3, 0, 0, 2\n",
    "  , 5, 1, 0, 0, 2, 3, 0, 3, 0, 0, 5, 3\n",
    "  , 0, 0, 0, 2, 0, 0, 2, 4, 0, 0, 0, 0\n",
    "  , 0, 0, 0, 3, 0, 0, 0, 0, 0, 0, 2, 1\n",
    "  , 0, 5, 0, 0, 2, 0, 0, 5, 0, 0, 0, 4\n",
    "  , 0, 4, 1, 3, 4, 0, 5, 0, 0, 1, 0, 5\n",
    "  , 4, 1, 3, 0, 0, 0, 0, 0, 0, 0, 0, 3\n",
    "  , 0, 5, 0, 0, 0, 0, 0, 1, 0, 0, 0, 3\n",
    "  , 0, 0, 0, 5, 0, 2, 0, 0, 0, 0, 0, 4\n",
    "  , 0, 0, 2, 3, 0, 1, 4, 5, 3, 3, 4, 0 ]\n",
    "  \n",

